QP:
[0.98570849 0.98614144 0.98649882 0.98697506 0.98743573 0.98791901
 0.98842132 0.98891183 0.98950581 0.9900254  0.9906564  0.99122633
 0.99187965 0.99236876 0.99277849 0.99338026 0.99401909 0.99470375
 0.99523693 0.99570448 0.99612599 0.99663367 0.99710736 0.99766509
 0.99827701 0.99906504 0.99985798 1.000012   1.00002386 0.99998307
 1.00000802 1.00000727 1.00000229 1.00002682 0.99997006        nan]
experiments.py:230: RuntimeWarning: invalid value encountered in true_divide
  print(unfaire / cnt)
[0.00588936 0.00810252 0.01125015 0.01304478 0.0147236  0.01608975
 0.01699402 0.01857086 0.02045902 0.02213996 0.02397601 0.02607694
 0.02876068 0.0301038  0.03293215 0.03410926 0.03790006 0.03819089
 0.04051643 0.04179726 0.04337454 0.04405285 0.04570135 0.0464283
 0.04806996 0.0508475  0.05397277 0.05444392 0.05453456 0.0543299
 0.06244345 0.05515789 0.05518259 0.05517459 4.57454857        nan]